1 0.30078125 0.58515625 0.01953125 0.05859375
1 0.39296875 0.65078125 0.021875 0.03515625
1 0.421875 0.68984375 0.03203125 0.0921875
1 0.4796875 0.64296875 0.02109375 0.090625
1 0.33984375 0.59609375 0.02109375 0.0703125
1 0.16015625 0.61953125 0.028125 0.06015625
1 0.57578125 0.74140625 0.0203125 0.06875
1 0.5203125 0.46328125 0.00859375 0.05859375
1 0.55546875 0.4578125 0.01953125 0.06953125
1 0.60078125 0.440625 0.0078125 0.08125
1 0.61953125 0.4484375 0.0109375 0.08828125
1 0.66171875 0.4265625 0.0125 0.053125
1 0.70390625 0.44296875 0.01796875 0.07109375
1 0.8828125 0.5296875 0.021875 0.0859375
1 0.94375 0.46171875 0.025 0.046875
1 0.39375 0.39140625 0.01484375 0.04765625
1 0.4265625 0.42109375 0.015625 0.0390625
1 0.0078125 0.52265625 0.0140625 0.0515625