0 0.3125 0.11953125 0.1125 0.1984375
0 0.340625 0.29609375 0.09375 0.1453125
0 0.3515625 0.6609375 0.06875 0.6109375
0 0.25234375 0.4375 0.0921875 0.134375
0 0.7015625 0.39140625 0.0375 0.128125
0 0.73125 0.51640625 0.0328125 0.13125
0 0.959375 0.4609375 0.059375 0.128125
0 0.9765625 0.35625 0.046875 0.08125
0 0.92109375 0.4140625 0.040625 0.059375
0 0.478125 0.5765625 0.0171875 0.146875
0 0.43046875 0.6140625 0.0203125 0.096875
0 0.4 0.6171875 0.0109375 0.1125
0 0.6890625 0.53515625 0.0234375 0.046875