6 0.68984375 0.65078125 0.175 0.046875
6 0.365625 0.69921875 0.05625 0.0125
6 0.4140625 0.634375 0.025 0.0125
6 0.28203125 0.57421875 0.0484375 0.00625
6 0.31171875 0.625 0.046875 0.009375
6 0.37578125 0.53125 0.0515625 0.009375
6 0.3703125 0.525 0.0421875 0.00625
6 0.36015625 0.48359375 0.0625 0.009375
6 0.70703125 0.16015625 0.1265625 0.059375
6 0.57265625 0.26875 0.0484375 0.03125
6 0.7078125 0.26796875 0.05 0.03125
6 0.35859375 0.5453125 0.0328125 0.00625
6 0.771875 0.5296875 0.040625 0.021875