1 0.54765625 0.615625 0.390625 0.078125
1 0.48359375 0.93671875 0.9671875 0.1265625
1 0.4984375 0.83203125 0.284375 0.08125
1 0.56875 0.7265625 0.084375 0.046875
3 0.50390625 0.0421875 0.084375 0.0421875
3 0.496875 0.20546875 0.23125 0.103125
3 0.48203125 0.11875 0.19375 0.06875
3 0.41796875 0.0546875 0.04375 0.0484375
3 0.4703125 0.340625 0.0640625 0.028125
3 0.52421875 0.53046875 0.1328125 0.0734375
3 0.559375 0.67734375 0.05625 0.025
5 0.521875 0.4 0.165625 0.05
5 0.5 0.30546875 0.0859375 0.0328125