6 0.6875 0.659375 0.340625 0.034375
6 0.6625 0.4171875 0.178125 0.05625
6 0.35234375 0.42890625 0.29375 0.05
6 0.23671875 0.3 0.1359375 0.115625
6 0.71640625 0.7734375 0.140625 0.0203125
6 0.4484375 0.75390625 0.0625 0.0390625
6 0.3609375 0.6359375 0.1671875 0.0328125
6 0.59140625 0.49375 0.0578125 0.028125
6 0.56015625 0.55546875 0.103125 0.01875
6 0.6109375 0.378125 0.0640625 0.021875
6 0.68046875 0.60625 0.10625 0.01875
6 0.7296875 0.63046875 0.04375 0.0265625
6 0.60859375 0.59609375 0.0875 0.0125
6 0.58828125 0.7640625 0.021875 0.034375
6 0.44140625 0.6140625 0.046875 0.0125
6 0.7265625 0.5546875 0.0296875 0.0125