6 0.659375 0.3125 0.034375 0.340625
6 0.4171875 0.3375 0.05625 0.178125
6 0.42890625 0.64765625 0.05 0.29375
6 0.3 0.76328125 0.115625 0.1359375
6 0.7734375 0.28359375 0.0203125 0.140625
6 0.75390625 0.5515625 0.0390625 0.0625
6 0.6359375 0.6390625 0.0328125 0.1671875
6 0.49375 0.40859375 0.028125 0.0578125
6 0.55546875 0.43984375 0.01875 0.103125
6 0.378125 0.3890625 0.021875 0.0640625
6 0.60625 0.31953125 0.01875 0.10625
6 0.63046875 0.2703125 0.0265625 0.04375
6 0.59609375 0.39140625 0.0125 0.0875
6 0.7640625 0.41171875 0.034375 0.021875
6 0.6140625 0.55859375 0.0125 0.046875
6 0.5546875 0.2734375 0.0125 0.0296875