6 0.31015625 0.65078125 0.175 0.046875
6 0.634375 0.69921875 0.05625 0.0125
6 0.5859375 0.634375 0.025 0.0125
6 0.71796875 0.57421875 0.0484375 0.00625
6 0.68828125 0.625 0.046875 0.009375
6 0.62421875 0.53125 0.0515625 0.009375
6 0.6296875 0.525 0.0421875 0.00625
6 0.63984375 0.48359375 0.0625 0.009375
6 0.29296875 0.16015625 0.1265625 0.059375
6 0.42734375 0.26875 0.0484375 0.03125
6 0.2921875 0.26796875 0.05 0.03125
6 0.64140625 0.5453125 0.0328125 0.00625
6 0.228125 0.5296875 0.040625 0.021875