1 0.384375 0.54765625 0.07890625 0.39140625
1 0.06328125 0.48359375 0.1265625 0.9671875
1 0.16796875 0.4984375 0.08046875 0.284375
1 0.2734375 0.56875 0.04609375 0.084375
3 0.9578125 0.50390625 0.0421875 0.084375
3 0.79453125 0.496875 0.103125 0.23046875
3 0.88125 0.48203125 0.06796875 0.19296875
3 0.9453125 0.41796875 0.0484375 0.04453125
3 0.659375 0.4703125 0.028125 0.0640625
3 0.46953125 0.52421875 0.0734375 0.1328125
3 0.32265625 0.559375 0.025 0.05703125
5 0.6 0.521875 0.04921875 0.16640625
5 0.69453125 0.5 0.0328125 0.0859375