6 0.34921875 0.68984375 0.04609375 0.17578125
6 0.30078125 0.365625 0.01328125 0.05546875
6 0.365625 0.4140625 0.0125 0.02578125
6 0.42578125 0.28203125 0.00703125 0.0484375
6 0.375 0.31171875 0.01015625 0.04609375
6 0.46875 0.37578125 0.009375 0.0515625
6 0.475 0.3703125 0.00703125 0.0421875
6 0.51640625 0.36015625 0.00859375 0.0625
6 0.83984375 0.70703125 0.05859375 0.1265625
6 0.73125 0.57265625 0.03125 0.0484375
6 0.73203125 0.7078125 0.03125 0.05
6 0.4546875 0.35859375 0.00703125 0.0328125
6 0.4703125 0.771875 0.02109375 0.03984375