1 0.69921875 0.58515625 0.01875 0.059375
1 0.60703125 0.65078125 0.021875 0.034375
1 0.578125 0.68984375 0.03125 0.0921875
1 0.5203125 0.64296875 0.021875 0.090625
1 0.66015625 0.59609375 0.021875 0.0703125
1 0.83984375 0.61953125 0.028125 0.059375
1 0.42421875 0.74140625 0.0203125 0.06875
1 0.4796875 0.46328125 0.009375 0.059375
1 0.44453125 0.4578125 0.01875 0.06875
1 0.39921875 0.440625 0.0078125 0.08125
1 0.38046875 0.4484375 0.0109375 0.0875
1 0.33828125 0.4265625 0.0125 0.053125
1 0.29609375 0.44296875 0.01875 0.071875
1 0.1171875 0.5296875 0.021875 0.0859375
1 0.05625 0.46171875 0.025 0.046875
1 0.60625 0.39140625 0.015625 0.046875
1 0.5734375 0.42109375 0.015625 0.0390625
1 0.9921875 0.52265625 0.0140625 0.0515625