1 0.61328125 0.1984375 0.134375 0.046875
1 0.63828125 0.24765625 0.078125 0.028125
1 0.62265625 0.30234375 0.096875 0.0328125
1 0.66640625 0.34140625 0.190625 0.0328125
1 0.4453125 0.39921875 0.103125 0.0265625
1 0.44296875 0.4828125 0.1171875 0.025
1 0.64921875 0.4671875 0.071875 0.0125
1 0.65859375 0.5640625 0.0625 0.015625
1 0.51953125 0.5546875 0.065625 0.03125
1 0.515625 0.60625 0.09375 0.01875
1 0.52890625 0.725 0.1640625 0.01875
1 0.40703125 0.671875 0.08125 0.0203125
1 0.36875 0.740625 0.0515625 0.0171875
1 0.31875 0.2171875 0.053125 0.0375
3 0.56171875 0.95703125 0.053125 0.0140625
3 0.5828125 0.92734375 0.040625 0.021875
3 0.5359375 0.896875 0.0453125 0.0109375
3 0.5234375 0.875 0.040625 0.0125
3 0.56484375 0.984375 0.0265625 0.0125
3 0.5890625 0.90390625 0.01875 0.01875
3 0.584375 0.85546875 0.028125 0.009375