5 0.56796875 0.6421875 0.071875 0.52265625
5 0.59765625 0.409375 0.18671875 0.11796875
5 0.56328125 0.19765625 0.08359375 0.196875
5 0.84765625 0.37109375 0.03515625 0.096875
5 0.19140625 0.6984375 0.04140625 0.18359375
5 0.4 0.5421875 0.04140625 0.1953125
5 0.31796875 0.63203125 0.0296875 0.08515625
5 0.67265625 0.34609375 0.0390625 0.22890625
1 0.1515625 0.70390625 0.0359375 0.203125
1 0.50859375 0.53984375 0.0515625 0.1265625
1 0.3015625 0.63828125 0.01796875 0.08203125
1 0.90078125 0.3625 0.0359375 0.0859375