1 0.57109375 0.903125 0.471875 0.1296875
1 0.62578125 0.80625 0.234375 0.065625
1 0.49765625 0.65546875 0.340625 0.0484375
1 0.49453125 0.690625 0.13125 0.03125
1 0.55390625 0.71953125 0.11875 0.025
1 0.4828125 0.5765625 0.078125 0.021875
1 0.5 0.54609375 0.125 0.028125
1 0.46796875 0.475 0.21875 0.05625
1 0.46875 0.35234375 0.30625 0.078125
1 0.428125 0.42890625 0.0953125 0.0375
1 0.21484375 0.0328125 0.4234375 0.065625
1 0.35703125 0.09453125 0.1390625 0.05
1 0.3734375 0.18359375 0.1109375 0.053125
1 0.3921875 0.2765625 0.0921875 0.034375
1 0.4171875 0.2328125 0.0375 0.0375
1 0.48671875 0.625 0.078125 0.0125
1 0.521875 0.76328125 0.0421875 0.015625
1 0.4734375 0.51484375 0.0625 0.01875
1 0.41484375 0.39609375 0.084375 0.009375