1 0.903125 0.57109375 0.1296875 0.471875
1 0.80625 0.62578125 0.065625 0.234375
1 0.65546875 0.49765625 0.0484375 0.340625
1 0.690625 0.49453125 0.03125 0.13125
1 0.71953125 0.55390625 0.025 0.11875
1 0.5765625 0.4828125 0.021875 0.078125
1 0.54609375 0.5 0.028125 0.125
1 0.475 0.46796875 0.05625 0.21875
1 0.35234375 0.46875 0.078125 0.30625
1 0.42890625 0.428125 0.0375 0.0953125
1 0.0328125 0.21484375 0.065625 0.4234375
1 0.09453125 0.35703125 0.05 0.1390625
1 0.18359375 0.3734375 0.053125 0.1109375
1 0.2765625 0.3921875 0.034375 0.0921875
1 0.2328125 0.4171875 0.0375 0.0375
1 0.625 0.48671875 0.0125 0.078125
1 0.76328125 0.521875 0.015625 0.0421875
1 0.51484375 0.4734375 0.01875 0.0625
1 0.39609375 0.41484375 0.009375 0.084375