1 0.41484375 0.30078125 0.059375 0.01875
1 0.34921875 0.39296875 0.034375 0.021875
1 0.31015625 0.421875 0.0921875 0.03125
1 0.35703125 0.4796875 0.090625 0.021875
1 0.40390625 0.33984375 0.0703125 0.021875
1 0.38046875 0.16015625 0.059375 0.028125
1 0.25859375 0.57578125 0.06875 0.0203125
1 0.53671875 0.5203125 0.059375 0.009375
1 0.5421875 0.55546875 0.06875 0.01875
1 0.559375 0.60078125 0.08125 0.0078125
1 0.5515625 0.61953125 0.0875 0.0109375
1 0.5734375 0.66171875 0.053125 0.0125
1 0.55703125 0.70390625 0.071875 0.01875
1 0.4703125 0.8828125 0.0859375 0.021875
1 0.53828125 0.94375 0.046875 0.025
1 0.60859375 0.39375 0.046875 0.015625
1 0.57890625 0.4265625 0.0390625 0.015625
1 0.47734375 0.0078125 0.0515625 0.0140625