1 0.1984375 0.38671875 0.046875 0.13359375
1 0.24765625 0.36171875 0.02890625 0.07890625
1 0.30234375 0.37734375 0.0328125 0.09609375
1 0.34140625 0.33359375 0.0328125 0.19140625
1 0.39921875 0.5546875 0.0265625 0.103125
1 0.4828125 0.55703125 0.025 0.1171875
1 0.4671875 0.35078125 0.01328125 0.07109375
1 0.5640625 0.34140625 0.015625 0.06171875
1 0.5546875 0.48046875 0.03046875 0.065625
1 0.60625 0.484375 0.01953125 0.09453125
1 0.725 0.47109375 0.01796875 0.1640625
1 0.671875 0.59296875 0.0203125 0.08046875
1 0.740625 0.63125 0.0171875 0.0515625
1 0.2171875 0.68125 0.03828125 0.053125
3 0.95703125 0.43828125 0.01328125 0.05234375
3 0.92734375 0.4171875 0.02109375 0.040625
3 0.896875 0.4640625 0.0109375 0.0453125
3 0.875 0.4765625 0.01171875 0.03984375
3 0.984375 0.43515625 0.01328125 0.0265625
3 0.90390625 0.4109375 0.01875 0.01875
3 0.85546875 0.415625 0.01015625 0.02734375