1 0.096875 0.57109375 0.1296875 0.471875
1 0.19375 0.62578125 0.06640625 0.23359375
1 0.34453125 0.49765625 0.0484375 0.340625
1 0.309375 0.49453125 0.03125 0.13046875
1 0.28046875 0.55390625 0.02578125 0.11953125
1 0.4234375 0.4828125 0.02109375 0.07890625
1 0.45390625 0.5 0.02734375 0.12578125
1 0.525 0.46796875 0.05625 0.21953125
1 0.64765625 0.46875 0.07890625 0.30546875
1 0.57109375 0.428125 0.03671875 0.0953125
1 0.9671875 0.21484375 0.065625 0.4234375
1 0.90546875 0.35703125 0.05078125 0.1390625
1 0.81640625 0.3734375 0.05234375 0.1109375
1 0.7234375 0.3921875 0.034375 0.0921875
1 0.7671875 0.4171875 0.03671875 0.03828125
1 0.375 0.48671875 0.01328125 0.07890625
1 0.23671875 0.521875 0.01484375 0.0421875
1 0.48515625 0.4734375 0.01875 0.06328125
1 0.60390625 0.41484375 0.009375 0.08515625